internal event, 1457418052290, 1
received, 1457418053292, 1, 0
received, 1457418054293, 7, 1
received, 1457418055295, 8, 1
received, 1457418056296, 9, 1
received, 1457418057298, 16, 0
received, 1457418058299, 18, 1
received, 1457418059301, 28, 1
received, 1457418060302, 28, 2
received, 1457418061304, 33, 2
received, 1457418062305, 37, 1
received, 1457418063307, 37, 3
received, 1457418064309, 47, 3
received, 1457418065311, 48, 4
received, 1457418066312, 49, 4
received, 1457418067314, 52, 3
received, 1457418068315, 53, 3
received, 1457418069317, 55, 2
received, 1457418070319, 59, 4
received, 1457418071320, 71, 4
received, 1457418072321, 79, 3
received, 1457418073322, 79, 3
received, 1457418074324, 79, 3
received, 1457418075326, 87, 4
received, 1457418076328, 97, 6
received, 1457418077329, 99, 6
received, 1457418078330, 102, 5
received, 1457418079332, 105, 5
received, 1457418080333, 105, 6
received, 1457418081335, 108, 7
received, 1457418082337, 111, 8
received, 1457418083339, 114, 10
received, 1457418084339, 118, 12
received, 1457418085341, 121, 12
received, 1457418086343, 126, 11
received, 1457418087344, 130, 13
received, 1457418088346, 131, 13
received, 1457418089348, 135, 12
received, 1457418090349, 138, 13
received, 1457418091351, 138, 13
received, 1457418092352, 142, 14
received, 1457418093354, 143, 13
received, 1457418094355, 143, 14
received, 1457418095357, 144, 14
received, 1457418096359, 144, 14
received, 1457418097360, 151, 13
received, 1457418098362, 158, 12
received, 1457418099364, 159, 13
received, 1457418100366, 161, 14
received, 1457418101368, 165, 16
received, 1457418102369, 168, 17
received, 1457418103370, 172, 16
received, 1457418104372, 176, 17
received, 1457418105373, 177, 17
received, 1457418106375, 181, 16
received, 1457418107376, 190, 16
received, 1457418108377, 192, 17
received, 1457418109378, 192, 18
received, 1457418110380, 194, 18
received, 1457418111381, 214, 17
received, 1457418112383, 216, 18
received, 1457418113385, 217, 18
received, 1457418114386, 217, 18
received, 1457418115388, 221, 18
received, 1457418116389, 223, 18
received, 1457418117391, 223, 17
received, 1457418118393, 223, 18
received, 1457418119394, 225, 18
received, 1457418120396, 232, 18
received, 1457418121397, 237, 17
